0.05432829915043378 0.3955744304411103 0.11531001500964203 -0.045034522448154694 0.36517732611841874 0.14439033482542676 0.47596416408452874 0.079315196631 0.002028413815 -0.299391171885 0.486377235376 0.010225128251
0.046124506385341345 0.365005750718946 0.14437077028124776 -0.0068792743681044925 0.3118776832011953 0.10993783889476247 0.7621905265886548 -0.017796040515 -0.095566041269 -0.15631624447 0.630105857112 0.006086716448
0.03176158585109193 0.3346585641477761 0.10015264143431461 -0.020987432737829517 0.38892297307331963 0.1341132497465401 0.9891199079766334 0.00854933024 -0.070117637746 -0.227314041781 0.559999980339 0.002038583843
0.007730607434621621 0.4633895009010381 0.13370914391842442 -0.024344422143964515 0.450599742795721 0.11734115603733188 0.2521693201337646 0.102719353612 0.025530523792 -0.469820605687 0.315884529591 0.012186221872
0.022548130084662613 0.45941977173119086 0.12553289157967518 -0.04870608637741243 0.4991967034053703 0.1284460174810807 0.1961394270616082 0.177173022633 0.098757799633 -0.544599494229 0.240958812939 0.053400578809
0.05403131791738617 0.4055376167364535 0.12987086919529905 -0.017007810399874382 0.46715252701880516 0.14127491662402242 0.5624370698786232 0.00929738643 -0.068865642568 -0.181409575795 0.604944373818 0.002224608283
0.033529477063293886 0.4004365400053004 0.13651553890983528 -0.017844284951533906 0.316127267643227 0.10255162214213294 0.11516817775575335 0.072610813091 -0.004929172415 -0.367817770008 0.418097621434 0.005189218168
0.046220642979001664 0.4450863786751073 0.11532074550643062 -0.010990546137000576 0.33329828252608745 0.14408440936659558 0.8510604050577784 -0.030176517266 -0.108409101092 -0.131949160344 0.654478600749 0.009710361237
0.05754123438889264 0.37903436028515874 0.1301654708591242 -0.04664188302910205 0.3624183662419844 0.14291397708076722 0.14408040683178747 0.140266060953 0.063689464774 -0.420939930174 0.363943309354 0.037540415608
0.021256449838139006 0.42637145893619643 0.14047318160886052 -0.04391360647893925 0.359421444446118 0.1281716844689571 0.258277963395283 0.135475438931 0.058856499531 -0.493951886264 0.291121964067 0.028878546241
0.02490739417018764 0.38750080728349134 0.14071592560627233 -0.0028752216825140148 0.3126569627490628 0.11316434576038353 0.7306235727246546 0.008237889979 -0.069401457087 -0.264422989406 0.521771500551 0.001768532971
0.013194377587411148 0.41933570024679667 0.14495884687129987 -0.00566026962907857 0.47639173971742077 0.1042228636066095 0.18270977086971574 0.048525371856 -0.029513230914 -0.37321343797 0.41353568453 0.000526485642
0.02924362595990051 0.4547681340886145 0.12782477512596152 -0.003765052334499967 0.37519872368307183 0.14953702703123023 0.307720067100915 0.02551413999 -0.052444193606 -0.290918734897 0.495571010166 0.000510022241
0.007685272506531884 0.3546766510889296 0.12341244994324292 -0.05929924113440669 0.492664259375841 0.12009306462146607 0.34973264230179474 0.193683633319 0.114731292931 -0.602028174487 0.183972613183 0.061555390464
0.022704058075862166 0.43854502607142204 0.1287437724741807 -0.013897441054557398 0.3663521862989927 0.14922653915604783 0.9935910320034985 0.007549234959 -0.070509881943 -0.259731751705 0.526827201133 0.002120440321
0.010503592755437849 0.4756345283990392 0.10776810331079179 -0.028151632115432416 0.4581486027773777 0.12473840069800618 0.6000245602589562 0.084990921385 0.007641581349 -0.422909128824 0.363099978169 0.007109382926
0.013593499844027303 0.34845607192521266 0.11181564431435626 -0.006617548663273752 0.3326763879022433 0.1028711616414301 0.9381291329933094 0.023332202047 -0.054664843748 -0.320798829298 0.465877641788 0.000494797556
0.0395153903397178 0.3166909186989596 0.1351856362638789 -0.018185948044116856 0.3441879447633765 0.11439221597618247 0.650583143571734 0.02364980607 -0.054495415248 -0.24526638365 0.541433842371 0.000907435771
0.030918203905300583 0.31157485050664135 0.12434672465398376 -0.012071679235245462 0.41348915163328237 0.12957962435350584 0.29206489863335133 0.050071184587 -0.027874791354 -0.328982244473 0.457712360682 0.001361774615
0.05630074754176301 0.3618449345710375 0.11164576869936149 -0.04911785114680757 0.3808037035767089 0.12393673512450389 0.010277720846973936 0.177057801165 0.09944986659 -0.492096000199 0.293112622871 0.059855571896
0.007881093369598021 0.48727265606255654 0.10492405113438247 -0.0075767350290828605 0.3044394424630841 0.11926166176376235 0.06502231595228546 0.056616972946 -0.021142317274 -0.402838371537 0.383735421333 0.001067408857
0.040228504056263895 0.314347877578775 0.1250284216279961 -0.05956041687395526 0.32759772595893377 0.140015938215997 0.4925698666507834 0.121525639101 0.044364844965 -0.405697358325 0.380049966264 0.025013220812
0.012624010123729686 0.348126232458017 0.12486545795332278 -0.024865481817984397 0.4330132192308964 0.14739074032887023 0.8183107334776134 0.059609080796 -0.017855592521 -0.373573799811 0.412783385659 0.002082224434
0.05690272924813197 0.45023977946029387 0.10356394264913983 -0.024129109126161105 0.48975651324856684 0.1159642179138043 0.05493799817055825 0.101050625326 0.023717807607 -0.350162848618 0.435114724567 0.017350786768
0.014523907384169282 0.3056964989274848 0.11796256398916893 -0.04254984693350047 0.33145384670274897 0.13296358858485977 0.8724498286371103 0.075523716751 -0.001578031897 -0.385395930013 0.40049703497 0.005603938222
0.01921556124523763 0.38634832475104325 0.13213193322467132 -0.05998943650435436 0.430706692639528 0.11707940444358686 0.8632830294064981 0.100646749212 0.023196832427 -0.3931131093 0.392471252886 0.014681831097
0.053394028194544176 0.44724937826630384 0.13823621194567864 -0.009155055251192663 0.3651587268411505 0.1291439397043842 0.34720268027201584 0.015048670018 -0.063123730339 -0.20831408847 0.578100574037 0.001694562584
0.039908064718402816 0.43608029451460184 0.12448794950180217 -0.008327497150394443 0.4617921618815314 0.10853175772820589 0.889326505006418 -0.025071634956 -0.103407355445 -0.158530150269 0.628037518133 0.008333635393
0.013398862446323451 0.46517923506196734 0.11064672783658745 -0.03769583499455617 0.4479763252364699 0.14170098101060724 0.47326469719803627 0.114552072885 0.037339310189 -0.462472703105 0.323240919002 0.017958931701
0.04820476594265194 0.3204596622392024 0.1227020555670216 -0.05305383903944993 0.33035957095938423 0.1265153286780282 0.5930889325388276 0.08316684178 0.006301039731 -0.313426181183 0.472030281458 0.011137257537
0.031249798349061268 0.34707710409085046 0.11245851904698495 -0.0035634074332499045 0.4893310092777063 0.13836058251812777 0.34041028011310165 0.023243320631 -0.054703780852 -0.284511266055 0.502064968309 0.000567036381
0.027262601795271263 0.3660062331179589 0.1082397267361222 -0.0408406354710955 0.3603485031996757 0.10273943181434832 0.19433885423514768 0.131463255936 0.054646530833 -0.477451640345 0.307733534546 0.02717355571
0.05018910121035162 0.3814161834321577 0.12052039333410988 -0.048296006509653835 0.4719096595583504 0.134024003027849 0.294506394017619 0.134991096092 0.056691811459 -0.407798613164 0.378411091341 0.032310507476
0.01616285130290772 0.3089777658770126 0.10914491245153977 -0.03654597958783384 0.44981910032238914 0.10051076682496295 0.5319226192172918 0.102326753834 0.024893852592 -0.435413057544 0.350592132483 0.013222053288
0.02160652303884742 0.4112658351296407 0.10751189893479755 -0.012354982212390097 0.43894768192733224 0.11952705042926619 0.1892870627285906 0.063040102707 -0.014808354201 -0.374262176452 0.412223393135 0.002598231153
0.009694845737800174 0.48268416143559356 0.1281308245609073 -0.042305023565902176 0.3233008190647767 0.11500865835543854 0.7100164343394608 0.096557423331 0.019460052293 -0.440254157858 0.34569323532 0.010779393436
0.009306849581175624 0.46328186949324135 0.12666052804481429 -0.029851409239582113 0.491118359178633 0.13513482041075073 0.9810968021219335 0.062199156538 -0.015285730704 -0.376425985022 0.409814076437 0.002599476847
0.00450825948782231 0.33106896894835075 0.1025173090578658 -0.033772584993983196 0.4573014995516635 0.14209347156943472 0.9509609273896588 0.080332769607 0.003050641629 -0.420147495652 0.365821848111 0.005882912669
0.01977116528173374 0.3742678820701272 0.11220965577189228 -0.04586701530357884 0.497867223740773 0.13374379925851404 0.9586455023433739 0.072463841398 -0.005597781513 -0.345726583387 0.440751192849 0.006042785012
0.04972998761206261 0.4712476074254642 0.14585469524492906 -0.049550361980114185 0.48433363463470946 0.10377792626530384 0.5190079270252929 0.093829247675 0.015746728058 -0.315762501468 0.469947886674 0.015095144031
0.052520947351213355 0.3384442064386196 0.1370883356589217 -0.011137701532383507 0.40275486780271813 0.13056593513978948 0.13675084900399412 0.050467545529 -0.027561057613 -0.281481046986 0.505072038869 0.002626368092
0.02522263025414737 0.43716825177316504 0.1129300975111197 -0.009912265721286166 0.3837523904834629 0.13921904209691133 0.10978651721001172 0.057360686615 -0.020495095375 -0.358654491409 0.427870573467 0.001937157862
0.05135996210219499 0.3111991461058497 0.11568493929001351 -0.05746635849713981 0.3173585945105307 0.10097749094561319 0.6418128108870697 0.078308438833 0.001154604141 -0.292105391796 0.493677543014 0.01022685594
0.03706184228812601 0.3362028831937268 0.119496021133913 -0.004944249976941209 0.41627746523655224 0.12865807076686364 0.6731658271612372 -0.000364429904 -0.07823919875 -0.217530293584 0.568991821987 0.002872938045
0.04328075910775551 0.49130748170103156 0.10059941229888489 -0.019518651082085392 0.335938990270004 0.11771935091102284 0.47827399657852715 0.030302793343 -0.048066962816 -0.25268343881 0.533858579177 0.001234480977
0.03394023114283068 0.3193835887736203 0.11144788063108024 -0.04537986986620043 0.39792116754710194 0.1013827756199677 0.8976847929017964 0.049195786712 -0.028105507649 -0.274474744253 0.511531208723 0.002983065543
0.022431005211812072 0.30934809809845887 0.12117470046773969 -0.04796698424686191 0.40703241828803666 0.12672942814513327 0.3202289825631458 0.143144246576 0.06560563763 -0.49772754322 0.288119927344 0.032504236779
0.04601005555810364 0.3180756672518874 0.10482632978892743 -0.03946623626292866 0.3391608335082915 0.10320811557510794 0.4657898361127694 0.078840894854 0.001543787453 -0.326541937827 0.459442534003 0.008666986864
0.0055567312830656045 0.33258021814223837 0.13119288723486464 -0.047171743077472 0.3225604376379711 0.1289486572177884 0.439697793348729 0.131783856368 0.055187661195 -0.526686772621 0.258652237976 0.024712718932
0.033072479267072234 0.3333929221544999 0.14104192787933809 -0.05638181515335124 0.4271234669970035 0.11391065243828209 0.2222529057311974 0.176854542923 0.098607283188 -0.526159736335 0.259305738406 0.054656863601
0.04374357347236174 0.45316439867108255 0.13447447002087692 -0.022883169900143857 0.4431765006527726 0.14309008908787135 0.03229042359791375 0.09894480329 0.021193359683 -0.38553823855 0.400349481948 0.014193699262
0.00876029607288353 0.3262605262551337 0.1469633321682463 -0.04924238899533133 0.37941626908678855 0.13133785324859149 0.15423547699216358 0.170268354816 0.092538272188 -0.587618946453 0.198159173797 0.045904629583
0.029595143420534955 0.388910533403112 0.14594810622286641 -0.035510051157544 0.3525026136523821 0.10828825680665126 0.48552218805228275 0.083780755445 0.006421919665 -0.374631155962 0.411329071513 0.008398144478
0.030600656678450543 0.4341242778912152 0.11372085367099243 -0.05697874557667591 0.31802827744146955 0.1261599496869625 0.45646410954233696 0.127308740377 0.050377243778 -0.445370268943 0.339895700017 0.02627741327
0.034735820500273 0.36115111487161533 0.14685023783358697 -0.01814154986476449 0.32392636800120816 0.12099319098350139 0.4456872459672817 0.044639051234 -0.033318289171 -0.304870234906 0.48170787677 0.001216615907
0.05290368029389505 0.3823736401693439 0.11447058511435053 -0.05819558089645854 0.37249193868579444 0.14267253136204808 0.45262330979292553 0.11636196753 0.038500300487 -0.360707875449 0.425206914883 0.02430585913
0.03360132184918231 0.4082421271342831 0.11902476588318074 -0.04864737611986491 0.48039112602690304 0.13759797554188452 0.9234281651018466 0.050874043116 -0.026864174812 -0.268078330673 0.517983302456 0.003714699062
0.011238459127063788 0.4811280252424634 0.12034557288213182 -0.05385786095289495 0.3633844111839557 0.12611677885095904 0.28348595917453484 0.166550705313 0.088818412059 -0.567088023598 0.218721591014 0.044385913189
0.022058996345796222 0.4842284591034051 0.1489899133786347 -0.05902233211433736 0.3112209376049501 0.11241481991194169 0.39545366775162777 0.148990546439 0.072118187249 -0.505728177715 0.279212910434 0.036771238577
0.011429594513578173 0.4976592290055098 0.13389287940910125 -0.05432572615087715 0.45332309190265047 0.1475158341440382 0.2090037243234418 0.192285809698 0.113009037355 -0.60105763062 0.185371536078 0.059849730965
0.038308403777875547 0.3445640653204298 0.12932500629141844 -0.012981757808425247 0.42572097610085646 0.11762975839993305 0.7840750402203805 0.003014903517 -0.074999231384 -0.210385010383 0.576304696398 0.002489144231
0.027596428392223548 0.39921288635843555 0.11396652905118287 -0.02517356851867723 0.45083687138688383 0.1272673953631493 0.8699885332704059 0.030255117746 -0.04782464417 -0.275488313396 0.511035854976 0.000867085841
0.047337127703200185 0.34339759204519316 0.11630621827162979 -0.016868384200146958 0.4209343270280683 0.12210800602393544 0.6118109814818088 0.014689519277 -0.063805263604 -0.210381938234 0.576673094881 0.001532209149
0.04879042567422466 0.339869707316108 0.14657777755813703 -0.025796744333986186 0.41712115608972367 0.12421441725940746 0.6083844008051571 0.031378258479 -0.046413735118 -0.228671787559 0.557711633128 0.001537365591
0.00032738372554860947 0.4285848824705365 0.10369674034009314 -0.03615398116198009 0.4603253735678786 0.14449035641237995 0.6551039530593452 0.113374681666 0.036093178117 -0.491975562116 0.293764585144 0.016030356128
0.024321009324944742 0.44209710481310316 0.11028503145089526 -0.028583743422131835 0.38215537478089356 0.1412949800151855 0.25296822819677134 0.098551598055 0.020756322855 -0.422058662946 0.364145456703 0.012068708765
0.010825000283751905 0.45838225255731824 0.1276701612040441 -0.03985433225442287 0.45656552590079513 0.13642687725928657 0.3869302282767288 0.130563506081 0.053260646776 -0.500928749407 0.284665911294 0.024680068373
0.036871612816449795 0.34050543546011225 0.1433213340584114 -0.006363038018699703 0.34525050439923377 0.11870317674200526 0.17420349623551046 0.039252125775 -0.038859361779 -0.301261999589 0.485523201794 0.000752924767
0.025264649081280347 0.30160917557275085 0.12721739380584693 -0.001323457061858654 0.48115549040114736 0.14428526595486138 0.8278168137929147 0.004005628707 -0.073541383904 -0.255483624797 0.530926135384 0.002285754863
0.0457712420672446 0.4305735884388292 0.12949726239058218 -0.03016050593376063 0.43384440709716066 0.1447185937419234 0.7460876076185133 0.018530366408 -0.059108854186 -0.205603747666 0.580382915137 0.001918873743
0.04143339235344335 0.4249549598694158 0.13921206321399324 -0.05483136703582362 0.3729611735732282 0.1120731527180645 0.262031131701652 0.151199575987 0.073675864965 -0.464223829939 0.321132417607 0.040579891609
0.024283751861838634 0.4493431134525727 0.14131563238663522 -0.006989329097950698 0.3297112859885 0.13273256286152324 0.14892417648687908 0.046227555563 -0.03174366912 -0.341700673943 0.444869604861 0.000760702771
0.020222056059821317 0.4954492170767466 0.1256784406454629 -0.028639585900243583 0.427419965684743 0.10395796554882873 0.505912772343953 0.079225401098 0.001845774106 -0.389461953227 0.396415982277 0.006352892007
0.0386417993817188 0.4983072269108495 0.1316658696896245 -0.026489692596783996 0.454397116838772 0.11989590872013425 0.9151381755570808 -0.004029676824 -0.082032452916 -0.181649272468 0.604363661535 0.004299897196
0.03590837355188838 0.4857516818572753 0.1270569219132258 -0.046996800659882064 0.4776868094522093 0.13014496120065555 0.5095838502200145 0.107291899434 0.028950891009 -0.377530079649 0.408702686626 0.017913840704
0.05494030089893923 0.35424262135942114 0.10519356853244981 -0.04484124539858216 0.3190003816992177 0.1046954785986423 0.46687365333142566 0.078836884389 0.001534751297 -0.301734400811 0.484208861364 0.009860562405
0.03201172292491867 0.3899142898990442 0.12098570065840171 -0.004663821860292384 0.3763431565810116 0.11799358192569173 0.15958977376632016 0.036986012861 -0.041247647948 -0.30888253244 0.477858821787 0.000515881681
0.045464719103461414 0.4935911341079462 0.10395079785093674 -0.01641494934324865 0.4439277245747497 0.14520346802130882 0.40786291022254595 0.032232715166 -0.046544209975 -0.249365977204 0.537585937271 0.001326040003
0.03937804523799068 0.38055396033671846 0.1218492857799734 -0.008291715628662573 0.3787850153935212 0.14693405140379118 0.42846569284107916 0.020646863086 -0.057295543258 -0.253891991714 0.532609039186 0.000892359523
0.03240634863097026 0.4568688398282832 0.10864169616740774 -0.033297671157146276 0.3374265317138712 0.11917026513010981 0.5687246486797505 0.063368507728 -0.013929011607 -0.32968120749 0.456232155556 0.004031558483
0.02085670756015283 0.4526130888700232 0.14376695747800447 -0.014908608080971188 0.38898236927208185 0.13511334985651366 0.21766297892014935 0.067087559648 -0.010548154536 -0.380998073881 0.405373348577 0.003329019131
0.047469703560420656 0.3045459078997996 0.12528113701838275 -0.05207029812169159 0.35485050659378037 0.10628212144418442 0.38190740504532344 0.120527632046 0.043557146967 -0.392277326222 0.393004214287 0.025409003583
0.027964155348495917 0.46207192619394616 0.14718305102315749 -0.0318560491085091 0.4727288215570389 0.11037372081075744 0.7598586189543594 0.049413827162 -0.028059596431 -0.304843724104 0.481094577336 0.002076508145
0.025889870927555167 0.4550186326718444 0.1004319949570304 -0.027798464533924736 0.43453184794757327 0.11843457679058383 0.14204860244378806 0.109499957912 0.032274749796 -0.437761244721 0.347689725397 0.016746025135
0.04831007146664455 0.39770019910802035 0.11009714943633427 -0.011564148846199154 0.31479983555163604 0.11561984205864272 0.12187888316361517 0.050352835631 -0.027078177062 -0.29360724005 0.492352236279 0.002443721334
0.003892529035419596 0.384463972299814 0.13026541849987175 -0.05524840892794164 0.3709605395906816 0.14235505741357116 0.08329457425281897 0.194783400755 0.117185770468 -0.64506566931 0.140445089086 0.06227883631
0.05817176424499057 0.3833765064728474 0.1042927916529571 -0.025919895973024666 0.49852007297503914 0.13315653366604532 0.8041118762996197 -0.01183057602 -0.090499669566 -0.119189959592 0.667866266166 0.005519852811
0.002833690525856313 0.3299673012097411 0.11320910110683943 -0.02692577012516148 0.4290182452396254 0.14658586656830028 0.48747884095604355 0.097067244567 0.019841142472 -0.46997451197 0.31593326353 0.009876914582
0.007104247870755773 0.4791014398112105 0.13430720446631159 -0.04515204647967395 0.34065688301945346 0.11585616492779366 0.09847868703507291 0.159340446602 0.082611175184 -0.578464279799 0.206825713672 0.039985668667
0.04898891390098123 0.3415265428695877 0.1325041586258968 -0.04413884175823488 0.40541147813848105 0.13253098030558394 0.7764115943891221 0.040203953796 -0.037467013248 -0.2223481223 0.563989723875 0.002969908268
0.049879227977576386 0.4382138325239143 0.1362452556924953 -0.05458351823627706 0.36681266381859323 0.1485174596588392 0.43468248318409886 0.111984506601 0.035300431723 -0.362220057442 0.422707737884 0.022659240389
0.028374033637532596 0.4991375431851268 0.10692564008087246 -0.027641844891487306 0.3514659066047364 0.1101035855692086 0.7073182377314974 0.041846459667 -0.037155205843 -0.29967603485 0.487598938035 0.001158497776
0.009888964884301302 0.34993387535520887 0.12294424633204842 -0.04145764029889487 0.3251572593386871 0.11528092209037782 0.3051579589188363 0.128135797881 0.051412112996 -0.514500033205 0.270942068812 0.023116601284
0.057943837082483976 0.36357084437254095 0.13335520193663078 -0.008799339964358796 0.3423348608024534 0.11417475622444345 0.9636349281532643 -0.05612567377 -0.13406408298 -0.046455741385 0.739828628779 0.017944215994
0.025810269211978543 0.4027742326790017 0.10195004336926222 -0.0528340622921691 0.3283546924640191 0.11169385589615943 0.31310304449157805 0.143588743726 0.066770548266 -0.495444177679 0.289643044608 0.033946159234
0.029047950172144475 0.3150448670982937 0.11109324865571713 -0.04180940255710485 0.3966213934836209 0.14073400177680406 0.7557384171226061 0.068581726528 -0.008792232904 -0.333463301017 0.452663541837 0.005270015245
0.057182272360652944 0.4441313502439067 0.14450555058005535 -0.0053955859230800105 0.47699721094329534 0.14548906926732041 0.6213188782187643 -0.031922683895 -0.110013306301 -0.107237677263 0.678838723506 0.009865903841
0.018160724455909563 0.3764875148193535 0.11608965827222173 -0.05020128194919957 0.38583431244759686 0.139396823442685 0.060679994817616524 0.182314267757 0.104421329718 -0.586864206334 0.198885806932 0.055659147644
0.026514071650867038 0.3239305961481865 0.12408430642160807 -0.02239964253738487 0.403833204299337 0.1371522813771362 0.20376647339094395 0.087485535644 0.009817207583 -0.403290866268 0.383072913151 0.008564911668
0.05053396531692163 0.3456226625110711 0.10688612904908237 -0.014364265330988977 0.432080544714181 0.12117678807789922 0.7866590653188044 -0.013936583045 -0.092286066029 -0.146946758086 0.640099412468 0.005333667748
0.03614995732161086 0.36825768766234085 0.10157094814126644 -0.05799697854067395 0.3496634772312015 0.1322368887547349 0.07494893420845511 0.188695162728 0.111994453489 -0.562212066729 0.222619270641 0.065868776738
0.055712567717822396 0.4480769599239409 0.1064757982925291 -0.033185941675518756 0.4121119612443352 0.1118424308683324 0.9964325215701276 -0.039494502371 -0.118180815925 -0.066189052474 0.720041561269 0.013224054992
0.044250267676989016 0.4297467740949214 0.12014119334659665 -0.0244133328986661 0.32085536111208435 0.12935967762068884 0.006956939861818501 0.097427309847 0.019208980836 -0.391063538246 0.395471083294 0.013066864068
0.005284855384342803 0.46201204428456266 0.14088548292984163 -0.02132232210498875 0.3067496621331983 0.12503529241098832 0.7920775362739271 0.062316804868 -0.01532135666 -0.405824346582 0.380779315586 0.001874871903
0.05104891387999098 0.4059832120931135 0.10618551785461759 -0.03813345886553179 0.4642704102585437 0.1418794516614973 0.8585515946454755 0.009676963768 -0.068286395787 -0.163199995926 0.623137049423 0.00309405874
0.049443377037366135 0.3601936652565475 0.14222340979417847 -0.014745867383759026 0.4558868784398916 0.10009707703485315 0.02373605053790693 0.078455347628 0.001061543024 -0.336831448123 0.448940093135 0.008215540336
0.0379333268326786 0.3079441083153151 0.11079510109123572 -0.023689136465414918 0.4750837917034253 0.10979542428601541 0.7185559551938927 0.031854368684 -0.046260876969 -0.255897862693 0.530827804633 0.001066789843
0.046557499049682545 0.3340450141753419 0.14557823005712878 -0.015231920829528808 0.46250164731684645 0.1148615450498031 0.029218442944517004 0.082222234391 0.004222947551 -0.348798943086 0.437608111464 0.008794724284
0.051710726902585824 0.49676667660326757 0.11823097534517318 -0.010279121866033697 0.4834705945036046 0.10448641237580023 0.33073412203919417 0.018240595799 -0.060361688078 -0.215610042352 0.570887857267 0.001650976243
0.03478759637479594 0.4923956644238865 0.10261345522577853 -0.018644111906963443 0.35594015655799816 0.1434106350806998 0.6773062178697198 0.017164646035 -0.061099628681 -0.247475297291 0.539110886068 0.001364620802
0.006679854689874904 0.427997303045655 0.1309054518242588 -0.010531051657800461 0.42993769947563765 0.11729628847990348 0.12827259582601666 0.067719398784 -0.009830076301 -0.420899083674 0.365408727961 0.002602402722
0.04109581854893485 0.4575605792060252 0.14353396891454356 -0.034300894501927845 0.3954522198109179 0.13958093724494988 0.6717156603699131 0.04187107976 -0.035598470693 -0.258819545248 0.526922281564 0.002167406405
0.05563101825355941 0.30066152318821 0.13671257389504354 -0.04308240765343404 0.35043331871247574 0.10074709500589234 0.6275906071325567 0.053324523979 -0.024035963809 -0.240800950936 0.545430932558 0.004590107752
0.0007115900249170105 0.49421726380169484 0.10438938097202141 -0.019906211526749186 0.42179320393828057 0.11681926217109762 0.6656820847289437 0.078586053631 0.000926154456 -0.444134450684 0.342178895813 0.004566670924
0.036422058483610104 0.3730151437399944 0.11754109622929859 -0.058719399302465704 0.3998460716239222 0.10758459668156006 0.5820512822164642 0.114467254023 0.036904387119 -0.389059496199 0.396497658564 0.021582038645
0.059369103545353734 0.39656579307578876 0.12359369331308659 -0.012857723406733653 0.46763505006903644 0.12522499682683158 0.038980040357201415 0.066573142131 -0.010987724621 -0.292472450078 0.493318624105 0.006256354363
0.040429412509216646 0.37863116718541756 0.13070084932332884 -0.000703178472022794 0.4989869407520429 0.12250387872748493 0.537487415166937 -0.007479924598 -0.084935970511 -0.203009945672 0.58292573076 0.004168233516
0.006443946670817483 0.4769107177906482 0.142567047221695 -0.038586518248312364 0.4463721292572982 0.13609866348326227 0.01629614044101278 0.163817803977 0.085982034698 -0.579318029499 0.206343604324 0.041626487658
0.01790929684106974 0.36702896317103395 0.1358554462785107 -0.009393537351914921 0.48836685817385767 0.14497026562937765 0.5398844302692658 0.039743247711 -0.038249425155 -0.338147391625 0.448591093456 0.000287548094
0.023313350473145863 0.35782499284277886 0.14957587131531952 -0.05164912403034374 0.46850812136349734 0.11148032775070452 0.37523405580557 0.152648049958 0.073872402225 -0.498611689215 0.287799967762 0.037184939042
0.001230169066660539 0.303831167840762 0.12919215366702286 -0.03680964215137589 0.33512408989519793 0.12027918396708849 0.989359318551697 0.081596575774 0.004296238759 -0.434722225527 0.351442129301 0.005799807912
0.02690104116108519 0.42114420869869346 0.1126659806254966 -0.0534612526584932 0.4006852433139646 0.12328822633977089 0.9773784787186538 0.055410132227 -0.022616986633 -0.295183041121 0.491135116491 0.003805925673
0.03443675641723868 0.4185854725389666 0.1000688181440985 -0.011850361452441777 0.40231678047649744 0.13031737646539066 0.8534556283317057 -0.0045612367 -0.082611248874 -0.208584869996 0.577799056153 0.00381138027
0.01666996520860777 0.4350900107922977 0.12841163361231883 -0.02322496088902057 0.3101786114292115 0.12346004102874894 0.6938738589841935 0.053236252722 -0.024449777 -0.359320987929 0.427180504616 0.001328578551
0.04258130652518464 0.4152165608481587 0.10597637199935404 -0.015525789245860984 0.34167635563930093 0.13868042220391455 0.7404851769251849 -0.001997059259 -0.0803668755 -0.193249234232 0.593497539098 0.003416544544
0.0585878576300132 0.49039148584563935 0.13475314593073334 -0.037226546764597204 0.34666332076128714 0.10966722157244299 0.2360327471516698 0.094495856158 0.017214709872 -0.32666218698 0.45824698457 0.015469818531
0.001888603624995482 0.40730214733152326 0.10734350413350047 -0.020634238016940254 0.36115359554196924 0.14363867105329564 0.8401469494153738 0.066746324976 -0.010749350775 -0.421645838483 0.364789167898 0.002415973748
0.0450319613058354 0.45900649926523646 0.1267212692033688 -0.021217496936464984 0.38469105374504575 0.106904776778303 0.22574153145078746 0.067647146255 -0.010709380714 -0.319476101833 0.467018486132 0.005309866011
0.02618641546342926 0.3951133275474647 0.14873878389533413 -0.013634332033080848 0.3001763356435087 0.10811067760288323 0.8066993228898616 0.017763744216 -0.060080380082 -0.26950002344 0.516923295081 0.000952029081
0.04781452658181049 0.3289946476919088 0.10330167448984981 -0.039371022569602274 0.30550081512438354 0.14632682704940578 0.7172111612654347 0.039207473068 -0.038659484978 -0.238514603696 0.548133503518 0.002274359184
0.012090653752761143 0.39567389874075404 0.11341362413797748 -0.02043869455835707 0.4825285786705161 0.14032501995059188 0.3373014756241154 0.085510248569 0.007297518144 -0.429025542625 0.357806367152 0.006806041028
0.05416246344157865 0.3220517269466277 0.1013715600336416 -0.030927186456382046 0.3479173025943932 0.10937213000995902 0.5758604230963967 0.03896432385 -0.039343484523 -0.230753450113 0.556051050623 0.002231321268
0.017282258421803833 0.4513821287004175 0.14822594400930778 -0.04025183601086022 0.39033759011002034 0.11894920088106851 0.8215768011880406 0.072579931198 -0.004752749076 -0.370544927099 0.415458251384 0.005171290491
0.030080482328059963 0.38527444730150257 0.14160030298657544 -0.03505072440502789 0.44463783982280247 0.1127920065993068 0.5279818254972879 0.082260759634 0.005064692447 -0.364375809603 0.421269332499 0.008318539148
0.041859589797663035 0.32292386328093425 0.1372517375607466 -0.05173885951946725 0.4403683871548387 0.1480796203468094 0.9053282740377016 0.048043461411 -0.029473764239 -0.238647253794 0.547567997629 0.004027996889
0.028732585465854835 0.48156434061185427 0.11869071606808225 -0.044500552552795475 0.45951644717000206 0.14895946806278848 0.27469754813662506 0.14193672979 0.063929744646 -0.472986384921 0.312698926962 0.032823193468
0.05459896656984224 0.4643641563987462 0.12629892509870766 -0.03475554844498266 0.3487422977733813 0.12452556841791795 0.23253021211470082 0.092724452582 0.015435911058 -0.336648736031 0.448817017923 0.014053571412
0.002536137758387083 0.39096991325251246 0.10103611698550798 -0.0190208926161162 0.391844962532812 0.13880488121255635 0.5715696812841305 0.075183150425 -0.002410529634 -0.437691765758 0.348776638764 0.003876900055
0.05535401139084182 0.36920072042553687 0.1498244265265614 -0.004306672645623685 0.47021451960298166 0.1381350594675212 0.8112927741095843 -0.04262758548 -0.120738337113 -0.085433311008 0.701190601244 0.012965566327
0.012473309717986845 0.4015779179818304 0.1451584135576198 -0.006026683293564144 0.44094853117988914 0.1379060361182055 0.8319149182224894 0.02715469335 -0.050712017724 -0.331295113088 0.45537011245 0.000295776824
0.014014747530257003 0.3647435857892391 0.1442120965666834 -0.022104781910936355 0.4787604093241855 0.1226361765923766 0.3266296342443283 0.088639953356 0.011375626785 -0.428479514468 0.357340123528 0.008178700125
0.04242915244302626 0.4676709786835218 0.11877798434892506 -0.03251705597862202 0.4371965375511816 0.13461139240017403 0.27926599318617656 0.095039208797 0.017868176974 -0.363751020307 0.421608191032 0.013585805207
0.006136541712959549 0.4743167747407798 0.1177701818969491 -0.0019019555707962717 0.49544264957636264 0.12363234169715753 0.9459439973399079 0.02886138157 -0.04898841899 -0.354925070811 0.431616308048 0.000211286708
0.019678553081137647 0.4779125378546001 0.11931314700889271 -0.022622288625938698 0.48492004216625745 0.1230457401061949 0.17493773647183622 0.097679494544 0.020339277465 -0.431525078707 0.354221240285 0.011542789524
0.05901592136987046 0.3370291880932031 0.10549591896639565 -0.027263370982087195 0.3567770230070264 0.13619208226284724 0.07924181775336646 0.097485814888 0.020426014038 -0.354328390121 0.431272678985 0.015552847654
0.03159458947006049 0.3723813041215663 0.1388317894950616 -0.046375802747151904 0.44966679253495534 0.10888366287890225 0.7675672460777592 0.072516090784 -0.005314523106 -0.324273406008 0.461967167293 0.006717237068
0.03560070435796774 0.3525440260156498 0.12543115200478988 -0.0002523419768956608 0.39873085622087184 0.14780181829091094 0.2994658685000118 0.015357592974 -0.062096178511 -0.261290565778 0.524784226013 0.00104832407
0.04343927492619876 0.4233996072535269 0.11678407782232654 -0.004359045299795262 0.43840928932215495 0.13190116665152132 0.9302544292871603 -0.040241050347 -0.11822165263 -0.124857874164 0.661365107303 0.01306899207
0.01640527785238935 0.4227013696561992 0.13983907543277438 -0.04109001408442207 0.3744029856571753 0.13577197362383106 0.9223247098220037 0.064290291885 -0.013012240482 -0.356334407043 0.429679594084 0.003626849983
0.020472528948657195 0.47268714736726536 0.14251406568245736 -0.05618000441919962 0.35334090914685296 0.12563336793341662 0.9092369920186105 0.07502103858 -0.002345539249 -0.353803652874 0.432101117074 0.006729372465
0.051592411345075424 0.3427968959952512 0.14200190608024826 -0.03273054929374615 0.3117267702771692 0.11123592300630777 0.6606147934281955 0.031018264548 -0.046558872354 -0.217386226759 0.56890831533 0.001838578105
0.017797397934412006 0.37583093965550773 0.1094742166262321 -0.04743942077068146 0.48576728511634426 0.10358508108358025 0.41145502171102766 0.145247577009 0.066385551721 -0.496734791009 0.289842739931 0.032230232245
0.01880941028686463 0.3207374932998572 0.12323659626074862 -0.020182565904862178 0.42212205154944804 0.11069228009902783 0.0021217486308382797 0.102318694595 0.025129963572 -0.450142628071 0.335636457295 0.012844656458
0.03278721261423201 0.40897241263284284 0.12243529999770092 -0.03892527664357289 0.49437511295146785 0.14929448319917593 0.9668602282795085 0.032345248774 -0.045334994163 -0.245048122076 0.541092507124 0.001867331633
0.01545155204680012 0.3247209731083088 0.13315988311684027 -0.03535607115785012 0.46598023536242494 0.13089276149531714 0.05106196434514715 0.151206778839 0.073563889481 -0.535463262665 0.250143464997 0.03571989849
0.0014326704679663896 0.4177692221074173 0.12220562062298751 -0.00218497486186375 0.3576057024858378 0.10117459917893572 0.9433131366238084 0.039446458385 -0.038438155075 -0.386882958258 0.399738622195 6.904207e-06
0.057461888577483765 0.35055751540553637 0.13374140089407263 -0.03110790164017558 0.36796914362083244 0.1284322627497956 0.6399265495811234 0.024114747172 -0.053128170524 -0.190298217047 0.595646021642 0.002034847461
0.037516328912142134 0.39343026956229527 0.11651226150541685 -0.02172197278655086 0.49354178903949986 0.11637282926412795 0.6344938522647585 0.033056928183 -0.0448988256 -0.262929724854 0.523484304131 0.001070235679
0.05216427489728578 0.48923016715974005 0.11469639498922435 -0.045622947280465065 0.40951279431752063 0.1020774561325341 0.21424519834513853 0.1305365074 0.053104220108 -0.400686411649 0.384097752249 0.030993138029
0.03758483147197241 0.46031479128417735 0.10587151571778017 -0.05057644607634887 0.4242806540063362 0.13690664355939924 0.0898280808805274 0.178766482281 0.100300484971 -0.52391204373 0.26170044347 0.056759042505
0.01039783156438387 0.46962753591822215 0.14802660813566998 -0.04847915209774532 0.30266604122038565 0.12581711593697975 0.19727455927850457 0.152130549987 0.076309822678 -0.558990584005 0.225651593567 0.037263755815
0.04443358325633382 0.3640616457136841 0.10977080063945328 -0.002728803673356412 0.30408142421616885 0.1499518393592041 0.0972297306344866 0.031905753561 -0.046021894133 -0.273577397141 0.513080153759 0.000789938491
0.011876337935347115 0.4431854690742173 0.12865763083462745 -0.0011944352773617624 0.3643892604434875 0.11336558743196681 0.35617783051862 0.031844179714 -0.046057136466 -0.348331251128 0.438260874364 0.000108535497
0.008933109805864262 0.4746498996042997 0.1314465095323843 -0.016102322460541958 0.48717787522289935 0.12757114344593817 0.04164834562601267 0.092345671255 0.014879857864 -0.452497436639 0.333569139181 0.008676322899
0.022770511691973222 0.4208565679962938 0.1463699393008947 -0.042131981350905304 0.4420976590671586 0.1457592881896702 0.3906466079395947 0.122800467486 0.045555027513 -0.456540305018 0.328908103376 0.022650722508
0.00021547602807630876 0.43266983987258945 0.12597104034374934 -0.052399051467797636 0.3014646607559789 0.10204583383352193 0.4169729340856484 0.150423135358 0.073831162131 -0.570826859346 0.21412090675 0.034108603873
0.041707775954845 0.40359086108450243 0.10963922395967471 -0.03835214269556441 0.3927111545185686 0.1461038183598076 0.5155628843561821 0.073966779212 -0.003233417374 -0.321546350303 0.464119072791 0.007303323706
0.01853723470803011 0.40138323724616193 0.14753836101943016 -0.0016711970080854912 0.38659099644753775 0.10787038084347236 0.3665331139449878 0.027834388462 -0.050046978427 -0.323001531746 0.463448277634 0.000250596728
0.030407072207042925 0.35557308551683453 0.11693305271065037 -0.04290022858153169 0.4062687188490765 0.13415574154996657 0.9739616808877793 0.040322391472 -0.037228330205 -0.267166262508 0.518986655715 0.002011943723
0.05990877829908644 0.41046163697597793 0.13782012195683593 -0.026433373364332848 0.4187150827494623 0.1066064274810605 0.8769232513731994 -0.030284662509 -0.108732451867 -0.078165893176 0.708464861665 0.009667655863
0.01523943857619836 0.35168865200098215 0.14008600118312065 -0.028970536742532436 0.33441500203854896 0.1347560801307683 0.7335936721307634 0.066010513432 -0.011810720448 -0.378459972568 0.408141255917 0.00314827872
0.05631887076888173 0.3709261348285209 0.10817907413571658 -0.03150319951189157 0.41580974904958645 0.10732522771932669 0.2429231185803635 0.088858205276 0.01144802634 -0.327529640612 0.458170098883 0.012608369387
0.05307523193676243 0.43966976080684456 0.14401836663365025 -0.043428080514557765 0.4740805135102042 0.10903044880154883 0.5959332851986209 0.060791228406 -0.017314822466 -0.252450533176 0.533664194102 0.006137380771
0.043044641301454356 0.4799399798841595 0.13291227011680776 -0.05132562104143552 0.4084620588743504 0.1398614782778091 0.7514758840426405 0.055971937418 -0.022081404924 -0.26134629981 0.524838557456 0.004890126812
0.04480801969426278 0.41313047311140666 0.11988147437763323 -0.019117237368076533 0.3900329987673834 0.12172606771615702 0.884551404388621 -0.016176596517 -0.094672167746 -0.15379934283 0.633034754915 0.006184082735
0.028048461180859897 0.3020752112281614 0.1349473816017947 -0.05552876253277552 0.39418168753422156 0.10707345933443199 0.06833977750974597 0.196903331739 0.118419887542 -0.584662101426 0.201106884166 0.067313856104
0.008407016914895024 0.4320423099023163 0.1375958153819708 -0.0004090965652152563 0.41937124243578666 0.12977029756945954 0.7261788197755764 0.027068829096 -0.050756261462 -0.347235940269 0.439352137306 0.000272012402
0.02115250219323134 0.3062528252785414 0.11722775461773809 -0.023884510580153485 0.3697766304574085 0.10516699692707579 0.3625593707419956 0.079960666313 0.002251030182 -0.399758157829 0.386654309482 0.006143033339
0.004140953217905865 0.31565455040782503 0.12145004369292832 -0.01725472048598486 0.44682309516135077 0.11101122339397632 0.5562464180526865 0.0737078997 -0.004679607928 -0.428001626162 0.359104038533 0.003581663985
0.006966792204326362 0.42611091918449806 0.1494706421000912 -0.0297546617581319 0.39446775570764825 0.1049093985067101 0.698242805603208 0.083918034194 0.006167568014 -0.430333600943 0.356145470959 0.006403237571
0.04090094681862377 0.4125279181344974 0.1393573488553076 -0.009574660545457886 0.3137641847125188 0.13562819593974615 0.42470312922486286 0.021142040102 -0.056745494762 -0.249576148715 0.536772884106 0.000953147735
0.03520310999525251 0.3123197652665763 0.13189652556649178 -0.0077275309839970364 0.42403268622406054 0.10569824299277415 0.49839830084431974 0.020344310642 -0.057616174397 -0.263182178641 0.523412533764 0.0007724152
0.04702963095746918 0.3584764348346574 0.14777758413362826 -0.05102496852674086 0.496245695669121 0.11288826179169027 0.10257623827544778 0.190041920667 0.111540439948 -0.511835680319 0.273204346489 0.067357701497
0.015979663561701343 0.3572252807598786 0.11416012406527308 -0.013325338623393993 0.3263443938830522 0.14841293360742774 0.40086092156578246 0.053916130093 -0.023831623961 -0.374174144633 0.412486124388 0.001122189406
0.002398662470312827 0.44570102043305915 0.1380617859767089 -0.0071788895898162956 0.30864028433335133 0.1219384297703323 0.8934932365215215 0.044334129292 -0.033541344185 -0.389373629153 0.397298929162 0.000129750594
0.01718988408529009 0.47208491374817385 0.10289271727338595 -0.033912098293683565 0.30749442025855267 0.13125686561068062 0.7737981897686167 0.062803996194 -0.014942721 -0.365590757183 0.420917244705 0.002874977368
0.05376337219262436 0.33494888893011343 0.10092812958406736 -0.0404785920613684 0.41040345692713665 0.13171745278915598 0.552332232772149 0.06258451675 -0.014942661393 -0.268327510099 0.517810574709 0.005928695765
0.0595027637202119 0.48792193081555857 0.13853292948718898 -0.05362355644166312 0.4634981181217059 0.10547121054245057 0.7999324354187146 0.022817287382 -0.055459547269 -0.14764893254 0.637822459877 0.00420455157
0.023908169927238498 0.392515646211366 0.1326318568129869 -0.05001018768410516 0.3875943696067222 0.10591842506470539 0.8452871327905924 0.075002939767 -0.002196456397 -0.34859026908 0.437090006103 0.006784171813
0.03188589729913327 0.369974317207616 0.10226187307108361 -0.025439241909581047 0.4527440281559412 0.12076264982585057 0.26955923008847205 0.087539787876 0.010130438285 -0.3843289544 0.401469847543 0.009390756259
0.014946625059541372 0.4691943722331543 0.1359364924206192 -0.03225066866930708 0.47079934656388167 0.12711389821792368 0.1681506484136952 0.128526366831 0.051386092733 -0.495634603537 0.289742879616 0.024030975723
0.0031602389051665907 0.39153899609342396 0.13547351466535243 -0.029330481374527546 0.37756222868599487 0.14082298449270933 0.686953479276923 0.088715750339 0.011251917197 -0.450823075084 0.335399756037 0.007412417186
0.0034076156188124034 0.328124511125547 0.11488645506725928 -0.056804043367138554 0.41139805378139066 0.12780298532474457 0.5885946168083281 0.149629937787 0.071323075579 -0.542599733189 0.243558785374 0.032975160052
0.004875752252411596 0.4140003775807318 0.14304091068558347 -0.05576936746703978 0.4147523042517861 0.12133210643942494 0.5448765612466691 0.153792379236 0.075274934376 -0.545247312005 0.241075630212 0.035247873285
0.008006594325919575 0.3276267931024995 0.10878926034863123 -0.05772530072733302 0.3204418804147273 0.10155614041272408 0.689580805909652 0.125830111643 0.048791447205 -0.490710685526 0.294884923582 0.02267436696
0.03900999619719438 0.4412558376212229 0.12163734527347514 -0.00314140070452141 0.3436986879627084 0.13336118748535777 0.617181822465018 -0.007516689129 -0.085292634622 -0.200978219668 0.585128981737 0.004208310571
0.004983931235665882 0.37711454157365587 0.11557173306810335 -0.030575654663834804 0.36946085098717074 0.11650467163721911 0.24952242055444013 0.113769087072 0.035988549985 -0.502232574261 0.283996792752 0.015392173585
0.014191773873739247 0.46635431120959114 0.14464928584418518 -0.037245269390255346 0.33886380352762646 0.14676634836052466 0.12790978270658976 0.131899775854 0.05532165461 -0.515569910421 0.2699785551 0.025570723351
0.023590248096399438 0.4162499886805757 0.13967968020940258 -0.01580881893959053 0.38118565226653256 0.13731020464497962 0.4500658147909853 0.050106727506 -0.027825163222 -0.342065851558 0.444527528243 0.001168343488
0.0018371594919371985 0.4851184657147622 0.1485177451229099 -0.03582904214789331 0.43586939522927515 0.11360036789409986 0.3726913053058636 0.128643676351 0.051664754334 -0.524833764548 0.260394630898 0.022662884492
0.00188717850021215 0.3973061062546107 0.11943849175653479 -0.003372643031607031 0.44266402096918317 0.12733169316468199 0.11117275913640967 0.048901906509 -0.028970541612 -0.402978275102 0.383707195554 0.000302785293
0.01693068829708696 0.4978051632120924 0.13359390369926386 -0.015024739245469668 0.4792901448334996 0.10257901419781494 0.6038133623685201 0.0475646095 -0.030657317039 -0.348159335151 0.438675115112 0.000776929314
0.028754377351017997 0.3131488514128508 0.10751126800270654 -0.005229665989848711 0.46570446002472315 0.10847263649682734 0.24528884995293432 0.036599506416 -0.041578278573 -0.315441165737 0.471390232093 0.000372308269
0.004898588518761111 0.391459488780754 0.12794796593420885 -0.0012462664299729975 0.366327760495727 0.1030183867909071 0.9412840266689572 0.031851980174 -0.045910471816 -0.364252617494 0.422266811738 9.5012801e-05
-0.0029394583262048976 0.38742805958135174 0.12225506528833852 -0.0008728530148078643 0.34832857190990474 0.08698018288693177 0.767581977514248 0.045451422908 -0.032318558962 -0.41060201602 0.375784491591 9.8872458e-05
0.021620291198192646 0.4131002779778476 0.12577405112425807 -0.011015487510643282 0.4596176928572957 0.10719698312393154 0.5360647548554717 0.037505340911 -0.040655214333 -0.323978972038 0.462724823652 0.000349364976
0.005166969470943468 0.3899760192330691 0.10653277965070396 -0.008573958287291752 0.4998506399058408 0.11160872989609007 0.6978185698099665 0.048548081118 -0.029450460438 -0.387447334976 0.399281277113 0.000388737648
0.009724825896571193 0.3842128100684863 0.14868187546254713 -0.024971459738669113 0.4721210453618135 0.12868145393390554 0.9954406373057515 0.054524860597 -0.022879612673 -0.366951817492 0.419327036575 0.001471602131
0.04206850406911376 0.46883965565608365 0.1020528236766744 -0.0006682329679838506 0.4385184538485941 0.12017596699668254 0.300229208843911 0.005997333031 -0.071669028806 -0.226838663155 0.559071859914 0.002199394881
0.010438882993048435 0.342422847721496 0.13907702347514514 -0.008601279230545579 0.3101861949665508 0.11988242299476788 0.8306008016888751 0.035092745552 -0.042813497616 -0.350073950888 0.436602218038 9.679639e-05
0.013830995328434993 0.38952389823906847 0.13899316013485727 -0.008938901914620469 0.3972487684405881 0.13443709901692275 0.7990905150098169 0.030891487687 -0.046930352009 -0.332512899004 0.454136304792 0.000199139681
0.0036859239709858627 0.41945830895348946 0.10491654370986178 -0.006272730289372912 0.32334435855963856 0.10630172216660436 0.6084842266458637 0.046039275475 -0.032019137849 -0.391230629747 0.395611272645 0.000193560353
0.012888053121509055 0.3 0.11632094957710863 -0.009149208408857029 0.3 0.1 0.8335759294072947 0.032763925673 -0.045254668592 -0.338929699709 0.447815317477 0.000141084529
0.003809411405994747 0.3 0.12448303336233535 0.0 0.3 0.1 0.6809383458317928 0.035329845358 -0.042768992201 -0.374524113483 0.412314144975 2.0632516e-05
0.02070332557908677 0.3 0.1 -0.0007694749659462805 0.3 0.1 0.42966395987286504 0.024473828904 -0.053501644509 -0.312299698413 0.474282377437 0.000365484876
0.0036974473218346336 0.48877510968015225 0.15 -0.0056406440515743535 0.45437959884941875 0.15 1.0 0.038312085145 -0.039456717156 -0.374504122341 0.412160441108 3.3754089e-05
0.0 0.31737512954574204 0.13073468313231304 0.0 0.31737512954574204 0.10579170984858066 1.0 0.040217060438 -0.038240439369 -0.393222683139 0.393949751907 4.080309e-06
0.004497992517155009 0.5 0.15 -0.0023050879463615854 0.4656445247741832 0.15 1.0 0.031970476448 -0.045802221714 -0.364133201455 0.422513080107 0.000100285788
0.0010062662441477107 0.4020940822910027 0.1121716963929646 -0.004244871285292705 0.36801789349199215 0.11971032118758136 0.9242501430598072 0.043272810222 -0.034930151768 -0.393069861116 0.393801775837 6.564243e-05
0.0042008078619081915 0.40182456611773115 0.1107773402605629 -0.0036733293480720624 0.3675844516427876 0.11864744767537043 0.6860247718663346 0.039804205047 -0.038179568094 -0.379640811433 0.407098681086 2.6839908e-05
0.0 0.39985385036560506 0.12302376848987849 -0.0025405190250486613 0.3724084053653716 0.12123259529928003 0.9660862165420351 0.042707995979 -0.035138534564 -0.396155183018 0.3904632909 4.5075261e-05
0.0051428752212535275 0.5 0.15 -0.009773274040449111 0.5 0.15 1.0 0.041170532508 -0.036594249865 -0.370543194509 0.416100169592 0.000135744579
0.0024661777030524413 0.5 0.15 -0.006412255015919021 0.5 0.15 1.0 0.042982468019 -0.034603434569 -0.384631901182 0.401910621108 0.000108222832
0.0 0.4421096103754789 0.11508079813999113 -0.0033142214820555526 0.39752599304701836 0.12799270375144925 0.9044763779410085 0.04413520874 -0.033781153163 -0.398026980759 0.388647533254 8.1719727e-05
0.0014547454882715579 0.42533917923659903 0.12292886932840746 -0.006433667518373067 0.41637318901173864 0.1261477977356525 0.8515493390565547 0.046755413898 -0.031144195533 -0.396124047292 0.390591952702 0.000211241319
0.0003758247009180053 0.42638148679452675 0.11938274663732514 -0.003633102134190538 0.40528045499326487 0.1256104736058154 0.8653598710803854 0.044254102229 -0.033720150105 -0.397029531418 0.389712510976 8.8226628e-05
0.0012757329254922793 0.4498930504386331 0.1320988426189977 -0.005119348613533771 0.4366013488481637 0.13594826549304193 0.9013614177479159 0.044596469994 -0.033277159789 -0.393425665538 0.393280516806 0.00011960045
0.0005635580533839131 0.3700443904311057 0.108586076939382 -0.003612979381977044 0.35700998333502665 0.11260803100031395 0.7312565580413123 0.044564039249 -0.033435774679 -0.397768805566 0.388953139608 9.6172582e-05
0.0011354861993678421 0.3738010823156907 0.11137763963613789 -0.004424748264286381 0.36355522104324844 0.11400449772858319 0.7579519905605325 0.044901663057 -0.033257508881 -0.396052065082 0.390816879092 0.000112950979
0.0006254722967326346 0.39226203179945657 0.11178900848145146 -0.00419567815944189 0.377163523900673 0.11646136073500613 0.7900596743272393 0.045124370635 -0.033025517687 -0.397812702185 0.38903266344 0.000115121865
0.0006228239400763485 0.5 0.15 -0.005197818991141452 0.5 0.15 1.0 0.045380114968 -0.032327234323 -0.39557965734 0.391060358249 0.00014957206
0.0010802030163216526 0.5 0.15 -0.005901288471808406 0.5 0.15 1.0 0.045841549971 -0.031831305978 -0.393850379338 0.392737014493 0.000185654482
0.0011927869091160738 0.5 0.15 -0.005630633946424155 0.5 0.15 1.0 0.044875449503 -0.032788768011 -0.392423820383 0.394156416836 0.000144368274
0.0008423433267224587 0.40543236777632236 0.12155832831451409 -0.0045769125507285225 0.4051554657116969 0.12164079199009477 0.8109135023548144 0.045378122492 -0.032636541284 -0.397140599006 0.389675447422 0.000132222803
0.0008430691701455423 0.41189064471519227 0.12265714263551437 -0.004611169951067723 0.4133136410134192 0.12265714263551437 0.823360776979996 0.045261092116 -0.032666898525 -0.396875109586 0.389864438171 0.000130112331
0.0009483170625128632 0.4057584923856854 0.12110452347343126 -0.004614175676532165 0.4035376560935906 0.1217337409464202 0.8140546527864441 0.045178571556 -0.032832175261 -0.396467737196 0.390343368867 0.000126577487
0.0008517868353739056 0.39233341189711785 0.1172208411127625 -0.004435491828789281 0.39209357452362087 0.11741302539059421 0.7854044760468262 0.045201700136 -0.03281026344 -0.397141302156 0.389626905191 0.000124291049
0.0008298526348871687 0.3934035822081272 0.11751004578429237 -0.0044311493362611505 0.39332656666834537 0.117684261998318 0.7872717285880739 0.045265647663 -0.0327560714 -0.397289169474 0.38950117542 0.000126315002
0.0008330381109052501 0.39055494584556144 0.11686632990118832 -0.004439836521736268 0.39014945323635697 0.11704095246474262 0.7816420134556946 0.045296580577 -0.032730618426 -0.397356183944 0.389436234946 0.000127212012
